//Infinity SDlogger
//Ver0.33
[Head]
SondeName=ASTD102-ALC-R02
SondeNo=0188
SensorType=D0D1T1C1C2K0U3O0TOB0
Channel=10
DelayTime=0
PreHeat=5000
MeasMode=2
BurstTime=1
BurstCnt=1
Interval=100
SampleCnt=1         
StartTime=2021/07/29 14:28:20
EndTime=2021/07/29 14:28:20
DepAdjRho=1.0000
ECA=0
ECB=1
ECDeg=25
ECCoef=0.022
CHLA=0
CHLB=1
CoefDate=2021/03/10
Ch1=-3.831851e-01,+1.127922e-04,+0.000000e+00,+0.000000e+00,+0.000000e+00,+0.000000e+00,+0.000000e+00,+0.000000e+00,
Ch2=0.000000000e00,0.000000000e00,0.000000000e00,0.000000000e00,0.000000000e00,0.000000000e00,0.000000000e00,0.000000000e00,
Ch3=-5.332465e+00,+1.069077e-03,-1.252241e-08,+2.876596e-13,-3.472084e-18,+2.511402e-23,+0.000000e+00,+0.000000e+00,
Ch4=-5.72848200e-01,2.197348000e00,-2.07220400e-01,5.839104000e-02,0.000000000e00,0.000000000e00,0.000000000e00,0.000000000e00,
Ch5=0.000000000e00,1.0000000000000,0.000000000e00,0.000000000e00,0.000000000e00,0.000000000e00,0.000000000e00,0.000000000e00,
Ch6=-4.654597e+00,+7.041750e-03,+0.000000e+00,+0.000000e+00,+0.000000e+00,+0.000000e+00,+0.000000e+00,+0.000000e+00,
Ch7=-8.997533e+00,+1.378983e-02,+8.086082e-08,-6.134221e-14,+0.000000e+00,+0.000000e+00,+0.000000e+00,+0.000000e+00,
Ch8=-4.141224e+01,+2.110549e+06,-6.080616e+03,+1.064000e-02,+3.900000e-03,+6.760000e-05,+0.000000e+00,+1.000000e+00,
Ch9=-6.053177e+00,+1.066339e-03,-1.261943e-08,+2.927030e-13,-3.579377e-18,+2.588549e-23,+0.000000e+00,+0.000000e+00,
Ch10=0.000000000e00,3.484000000e-03,0.000000000e00,0.000000000e00,0.000000000e00,0.000000000e00,0.000000000e00,0.000000000e00,
BuzzerEN=0
BuzzerInterval=1
COMMENT= 
SensorType2=06070304000202020302
BuzzerNumber=1
DepM=0.1
CondDepB=0
FilmNo=200735BA
[Item]
2021/07/29 14:28:20,03356,39361,20396008,26077697,6959875,00681,01232,21571,32328,02415,0
